[{"VVelocity":[-5.909512879043177e-10,2.6744451986360219e-8,3.301579454273451e-9],"AAnimation":{"Name":"Idle","Weight":0},"CCFrame":[-1606.790771484375,4405.98046875,219.91119384765626,0.9874998927116394,9.167325565329066e-9,-0.15761975944042207,-9.80071246381442e-10,1,5.202079478294763e-8,0.15761975944042207,-5.121605184399414e-8,0.9874998927116394],"CCameraCFrame":[-1612.74267578125,4418.2939453125,241.51345825195313,0.9640766382217407,0.11544714868068695,-0.23922447860240937,0,0.9006115198135376,0.4346253275871277,0.2656245231628418,-0.4190121293067932,0.8682583570480347],"time":0},{"VVelocity":[-5.909512879043177e-10,51.72999572753906,3.301579454273451e-9],"AAnimation":{"Name":"Idle","Weight":0},"CCFrame":[-1606.790771484375,4406.8623046875,219.91119384765626,0.9541026949882507,-1.4644075285730196e-8,0.2994796335697174,-9.80073133760584e-10,1,5.2020784124806599e-8,-0.2994796335697174,-4.9926683232115468e-8,0.9541026949882507],"CCameraCFrame":[-1602.783203125,4429.05859375,226.8353271484375,0.9541040062904358,-0.2816133201122284,0.10188069939613342,0,0.3401968479156494,0.9403542280197144,-0.2994757890701294,-0.8971957564353943,0.32458311319351199],"time":0.004796504974365234},{"VVelocity":[-0.7137507200241089,48.459991455078128,-2.2739477157592775],"AAnimation":{"Name":"Idle","Weight":0},"CCFrame":[-1606.798095703125,4407.6904296875,219.88751220703126,0.9541028141975403,-1.4644074397551777e-8,0.29947924613952639,-9.80053482813048e-10,1,5.2020784124806599e-8,-0.29947924613952639,-4.9926683232115468e-8,0.9541028141975403],"CCameraCFrame":[-1602.783203125,4429.9404296875,226.8353271484375,0.9541040062904358,-0.2816133201122284,0.10188069939613342,0,0.3401968479156494,0.9403542280197144,-0.2994757890701294,-0.8971957564353943,0.32458311319351199],"time":0.017890214920043947},{"VVelocity":[-1.4275013208389283,45.18998718261719,-4.547895431518555],"AAnimation":{"Name":"Idle","Weight":0},"CCFrame":[-1606.8175048828126,4408.46484375,219.825927734375,0.9541028738021851,-1.464409482565543e-8,0.2994791567325592,-9.800260603043399e-10,1,5.2020784124806599e-8,-0.2994791567325592,-4.992667612668811e-8,0.9541028738021851],"CCameraCFrame":[-1602.79052734375,4430.7685546875,226.8116455078125,0.9541040062904358,-0.2816133201122284,0.10188069939613342,0,0.3401968479156494,0.9403542280197144,-0.2994757890701294,-0.8971957564353943,0.32458311319351199],"time":0.034099578857421878},{"VVelocity":[-2.141252040863037,41.91998291015625,-6.821842670440674],"AAnimation":{"Name":"Idle","Weight":0},"CCFrame":[-1606.8487548828126,4409.1845703125,219.7264404296875,0.9541028738021851,-1.4644119694651181e-8,0.2994791269302368,-9.799984157510267e-10,1,5.2020784124806599e-8,-0.2994791269302368,-4.992666902126075e-8,0.9541028738021851],"CCameraCFrame":[-1602.8099365234376,4431.54296875,226.75006103515626,0.9541040062904358,-0.2816133201122284,0.10188069939613342,0,0.3401968479156494,0.9403542280197144,-0.2994757890701294,-0.8971957564353943,0.32458311319351199],"time":0.05037856101989746},{"VVelocity":[-2.8550028800964357,38.64997863769531,-9.09579086303711],"AAnimation":{"Name":"Idle","Weight":0},"CCFrame":[-1606.8917236328126,4409.849609375,219.58905029296876,0.9541028738021851,-1.4644146340003772e-8,0.2994791269302368,-9.79970882220016e-10,1,5.2020787677520278e-8,-0.2994791269302368,-4.992666191583339e-8,0.9541028738021851],"CCameraCFrame":[-1602.8411865234376,4432.2626953125,226.65057373046876,0.9541040062904358,-0.2816133201122284,0.10188069939613342,0,0.3401968479156494,0.9403542280197144,-0.2994757890701294,-0.8971957564353943,0.32458311319351199],"time":0.06766533851623535},{"VVelocity":[-3.568753719329834,35.379974365234378,-11.369739532470704],"AAnimation":{"Name":"Idle","Weight":0},"CCFrame":[-1606.9468994140626,4410.4599609375,219.4137725830078,0.9541028738021851,-1.4644172985356363e-8,0.2994791269302368,-9.799432376667028e-10,1,5.2020787677520278e-8,-0.2994791269302368,-4.9926654810406038e-8,0.9541028738021851],"CCameraCFrame":[-1602.8841552734376,4432.927734375,226.51318359375,0.9541040062904358,-0.2816133201122284,0.10188069939613342,0,0.3401968479156494,0.9403542280197144,-0.2994757890701294,-0.8971957564353943,0.32458311319351199],"time":0.08428049087524414},{"VVelocity":[-4.282504558563232,32.10997009277344,-13.643688201904297],"AAnimation":{"Name":"Idle","Weight":0},"CCFrame":[-1607.0137939453126,4411.015625,219.20059204101563,0.9541028738021851,-1.4644199630708954e-8,0.2994791269302368,-9.79915704135692e-10,1,5.2020787677520278e-8,-0.2994791269302368,-4.992664770497868e-8,0.9541028738021851],"CCameraCFrame":[-1602.9393310546876,4433.5380859375,226.33790588378907,0.9541040062904358,-0.2816133201122284,0.10188069939613342,0,0.3401968479156494,0.9403542280197144,-0.2994757890701294,-0.8971957564353943,0.32458311319351199],"time":0.10035037994384766},{"VVelocity":[-4.996255397796631,28.83997344970703,-15.91763687133789],"AAnimation":{"Name":"Idle","Weight":0},"CCFrame":[-1607.092529296875,4411.5166015625,218.9495086669922,0.9541028738021851,-1.4644226276061545e-8,0.2994791269302368,-9.798881706046814e-10,1,5.2020791230233956e-8,-0.2994791269302368,-4.992664059955132e-8,0.9541028738021851],"CCameraCFrame":[-1603.0062255859376,4434.09375,226.12472534179688,0.9541040062904358,-0.2816133201122284,0.10188069939613342,0,0.3401968479156494,0.9403542280197144,-0.2994757890701294,-0.8971957564353943,0.32458311319351199],"time":0.11758565902709961},{"VVelocity":[-5.710006237030029,25.569976806640626,-18.191585540771486],"AAnimation":{"Name":"Idle","Weight":0},"CCFrame":[-1607.183349609375,4411.962890625,218.6605224609375,0.9541028738021851,-1.4644252921414136e-8,0.2994791269302368,-9.798606370736707e-10,1,5.2020791230233956e-8,-0.2994791269302368,-4.992663349412396e-8,0.9541028738021851],"CCameraCFrame":[-1603.0849609375,4434.5947265625,225.87364196777345,0.9541040062904358,-0.2816133201122284,0.10188069939613342,0,0.3401968479156494,0.9403542280197144,-0.2994757890701294,-0.8971957564353943,0.32458311319351199],"time":0.13370180130004884},{"VVelocity":[-5.9874420166015629,21.482481002807618,-19.075471878051759],"AAnimation":{"Name":"Idle","Weight":0},"CCFrame":[-1607.307373046875,4412.44384765625,218.26519775390626,0.9541028738021851,-1.4644279566766727e-8,0.29947900772094729,-9.798262201599073e-10,1,5.2020791230233956e-8,-0.29947900772094729,-4.9926626388696607e-8,0.9541028738021851],"CCameraCFrame":[-1603.17578125,4435.041015625,225.58465576171876,0.9541040062904358,-0.2816133201122284,0.10188069939613342,0,0.3401968479156494,0.9403542280197144,-0.2994757890701294,-0.8971957564353943,0.32458311319351199],"time":0.1532282829284668},{"VVelocity":[-5.989405632019043,19.029983520507814,-19.08172607421875],"AAnimation":{"Name":"Idle","Weight":0},"CCFrame":[-1607.382080078125,4412.69140625,218.0266876220703,0.9541028141975403,-1.4644312429368256e-8,0.29947924613952639,-9.798055700116493e-10,1,5.2020791230233956e-8,-0.29947924613952639,-4.992661573055557e-8,0.9541028141975403],"CCameraCFrame":[-1603.2998046875,4435.52197265625,225.1893310546875,0.9541040062904358,-0.2816133201122284,0.10188069939613342,0,0.3401968479156494,0.9403542280197144,-0.2994757890701294,-0.8971957564353943,0.32458311319351199],"time":0.1699380874633789},{"VVelocity":[-5.9895124435424809,15.75998592376709,-19.082067489624025],"AAnimation":{"Name":"Idle","Weight":0},"CCFrame":[-1607.481689453125,4412.9736328125,217.70863342285157,0.9541028738021851,-1.4644332857471909e-8,0.2994791269302368,-9.797770372799164e-10,1,5.2020791230233956e-8,-0.2994791269302368,-4.992660862512821e-8,0.9541028738021851],"CCameraCFrame":[-1603.37451171875,4435.76953125,224.95082092285157,0.9541040062904358,-0.2816133201122284,0.10188069939613342,0,0.3401968479156494,0.9403542280197144,-0.2994757890701294,-0.8971957564353943,0.32458311319351199],"time":0.18713641166687013},{"VVelocity":[-5.9895148277282719,11.6724853515625,-19.082075119018556],"AAnimation":{"Name":"Idle","Weight":0},"CCFrame":[-1607.606201171875,4413.251953125,217.31106567382813,0.9541028738021851,-1.46443595028245e-8,0.29947900772094729,-9.797425093438506e-10,1,5.2020791230233956e-8,-0.29947900772094729,-4.992660151970085e-8,0.9541028738021851],"CCameraCFrame":[-1603.47412109375,4436.0517578125,224.6327667236328,0.9541040062904358,-0.2816133201122284,0.10188069939613342,0,0.3401968479156494,0.9403542280197144,-0.2994757890701294,-0.8971957564353943,0.32458311319351199],"time":0.20419979095458985},{"VVelocity":[-5.9895148277282719,8.402484893798829,-19.082075119018556],"AAnimation":{"Name":"Idle","Weight":0},"CCFrame":[-1607.705810546875,4413.4130859375,216.99301147460938,0.9541028738021851,-1.4644392365426029e-8,0.2994791269302368,-9.797148647905374e-10,1,5.2020791230233956e-8,-0.2994791269302368,-4.9926590861559819e-8,0.9541028738021851],"CCameraCFrame":[-1603.5986328125,4436.330078125,224.23519897460938,0.9541040062904358,-0.2816133201122284,0.10188069939613342,0,0.3401968479156494,0.9403542280197144,-0.2994757890701294,-0.8971957564353943,0.32458311319351199],"time":0.21985960006713868},{"VVelocity":[-5.9895148277282719,5.949984550476074,-19.082075119018556],"AAnimation":{"Name":"Idle","Weight":0},"CCFrame":[-1607.780517578125,4413.498046875,216.7544708251953,0.9541028141975403,-1.464441901077862e-8,0.29947924613952639,-9.796942146422794e-10,1,5.202079478294763e-8,-0.29947924613952639,-4.992658375613246e-8,0.9541028141975403],"CCameraCFrame":[-1603.6982421875,4436.4912109375,223.91714477539063,0.9541040062904358,-0.2816133201122284,0.10188069939613342,0,0.3401968479156494,0.9403542280197144,-0.2994757890701294,-0.8971957564353943,0.32458311319351199],"time":0.2363262176513672},{"VVelocity":[-5.9895148277282719,2.6799840927124025,-19.082075119018556],"AAnimation":{"Name":"Idle","Weight":0},"CCFrame":[-1607.880126953125,4413.5634765625,216.43641662597657,0.9541028738021851,-1.4644439438882273e-8,0.2994791269302368,-9.79665792932849e-10,1,5.202079478294763e-8,-0.2994791269302368,-4.99265766507051e-8,0.9541028738021851],"CCameraCFrame":[-1603.77294921875,4436.576171875,223.67860412597657,0.9541040062904358,-0.2816133201122284,0.10188069939613342,0,0.3401968479156494,0.9403542280197144,-0.2994757890701294,-0.8971957564353943,0.32458311319351199],"time":0.2504112720489502},{"VVelocity":[-5.9895148277282719,-0.5900158882141113,-19.082075119018556],"AAnimation":{"Name":"Idle","Weight":0},"CCFrame":[-1607.979736328125,4413.57421875,216.1183624267578,0.9541028738021851,-1.4644466084234864e-8,0.2994791269302368,-9.796381483795358e-10,1,5.202079478294763e-8,-0.2994791269302368,-4.9926569545277746e-8,0.9541028738021851],"CCameraCFrame":[-1603.87255859375,4436.6416015625,223.3605499267578,0.9541040062904358,-0.2816133201122284,0.10188069939613342,0,0.3401968479156494,0.9403542280197144,-0.2994757890701294,-0.8971957564353943,0.32458311319351199],"time":0.2674896717071533},{"VVelocity":[-5.9895148277282719,-3.860015869140625,-19.082075119018556],"AAnimation":{"Name":"Idle","Weight":0},"CCFrame":[-1608.079345703125,4413.5302734375,215.80030822753907,0.9541028738021851,-1.4644492729587455e-8,0.2994791269302368,-9.796105038262227e-10,1,5.202079478294763e-8,-0.2994791269302368,-4.9926562439850389e-8,0.9541028738021851],"CCameraCFrame":[-1603.97216796875,4436.65234375,223.04249572753907,0.9541040062904358,-0.2816133201122284,0.10188069939613342,0,0.3401968479156494,0.9403542280197144,-0.2994757890701294,-0.8971957564353943,0.32458311319351199],"time":0.28409624099731448},{"VVelocity":[-3.453455686569214,10.351044654846192,-19.69609832763672],"AAnimation":{"Name":"Idle","Weight":0},"CCFrame":[-1608.1424560546876,4413.66552734375,215.47335815429688,0.9854245781898499,-7.884085384546325e-9,0.17011287808418275,-9.796004007966986e-10,1,5.202079833566131e-8,-0.17011287808418275,-5.142921466472217e-8,0.9854245781898499],"CCameraCFrame":[-1605.069580078125,4436.69775390625,222.9479217529297,0.9854244589805603,-0.16062869131565095,0.05601111426949501,0,0.329256147146225,0.9442406296730042,-0.17011414468288423,-0.9304777979850769,0.32445698976516726],"time":0.3037550449371338},{"VVelocity":[-3.399517059326172,6.887360572814941,-19.686355590820314],"AAnimation":{"Name":"Idle","Weight":0},"CCFrame":[-1608.19921875,4413.8046875,215.1452178955078,0.9854246377944946,-7.884080055475806e-9,0.1701126992702484,-9.795949607038779e-10,1,5.2020791230233956e-8,-0.1701126992702484,-5.142921111200849e-8,0.9854246377944946],"CCameraCFrame":[-1605.1326904296876,4436.8330078125,222.62098693847657,0.9854245185852051,-0.1606283336877823,0.056011099368333819,0,0.32925665378570559,0.944240391254425,-0.17011381685733796,-0.9304776191711426,0.3244575262069702],"time":0.31606245040893557},{"VVelocity":[-3.367859125137329,2.920511484146118,-19.50899887084961],"AAnimation":{"Name":"Idle","Weight":0},"CCFrame":[-1608.25537109375,4413.8759765625,214.81968688964845,0.9854246973991394,-7.884065844621091e-9,0.17011237144470216,-9.795910749232917e-10,1,5.2020784124806599e-8,-0.17011237144470216,-5.142920755929481e-8,0.9854246973991394],"CCameraCFrame":[-1605.189453125,4436.97216796875,222.29286193847657,0.9854245185852051,-0.1606280505657196,0.05601109564304352,3.725290298461914e-9,0.32925722002983096,0.9442403316497803,-0.17011351883411408,-0.9304775595664978,0.3244580924510956],"time":0.3326289653778076},{"VVelocity":[-3.3672268390655519,0.7479789853096008,-19.505489349365236],"AAnimation":{"Name":"Idle","Weight":0},"CCFrame":[-1608.3115234375,4413.9013671875,214.49459838867188,0.9854247570037842,-7.884051633766376e-9,0.17011204361915589,-9.79587300165008e-10,1,5.202078057209292e-8,-0.17011204361915589,-5.142920045386745e-8,0.9854247570037842],"CCameraCFrame":[-1605.24560546875,4437.04345703125,221.96734619140626,0.9854246377944946,-0.16062767803668977,0.056011080741882327,-3.725290742551124e-9,0.3292577564716339,0.9442400336265564,-0.1701131910085678,-0.9304773807525635,0.32445862889289858],"time":0.35022807121276858},{"VVelocity":[-3.3404831886291506,-2.5220208168029787,-19.35060691833496],"AAnimation":{"Name":"Idle","Weight":0},"CCFrame":[-1608.3671875,4413.87890625,214.17176818847657,0.9854247570037842,-7.884054298301635e-9,0.17011204361915589,-9.795834143844218e-10,1,5.202077346666556e-8,-0.17011204361915589,-5.1429193348440097e-8,0.9854247570037842],"CCameraCFrame":[-1605.3017578125,4437.06884765625,221.6422576904297,0.9854246377944946,-0.16062767803668977,0.056011080741882327,-3.725290742551124e-9,0.3292577564716339,0.9442400336265564,-0.1701131910085678,-0.9304773807525635,0.32445862889289858],"time":0.3676590919494629},{"VVelocity":[-3.339954376220703,-5.79202127456665,-19.347543716430665],"AAnimation":{"Name":"Idle","Weight":0},"CCFrame":[-1608.4228515625,4413.8037109375,213.8493194580078,0.9854247570037842,-7.884056962836894e-9,0.17011204361915589,-9.795795286038356e-10,1,5.20207663612382e-8,-0.17011204361915589,-5.1429186243012739e-8,0.9854247570037842],"CCameraCFrame":[-1605.357421875,4437.04638671875,221.31942749023438,0.9854246377944946,-0.16062767803668977,0.056011080741882327,-3.725290742551124e-9,0.3292577564716339,0.9442400336265564,-0.1701131910085678,-0.9304773807525635,0.32445862889289858],"time":0.3842906951904297},{"VVelocity":[-3.3666648864746095,-2.921705722808838,-19.502273559570314],"AAnimation":{"Name":"Idle","Weight":0},"CCFrame":[-1608.47900390625,4413.74853515625,213.52462768554688,0.9854247570037842,-7.884059627372153e-9,0.17011204361915589,-9.795757538455519e-10,1,5.2020759255810847e-8,-0.17011204361915589,-5.142917913758538e-8,0.9854247570037842],"CCameraCFrame":[-1605.4130859375,4436.97119140625,220.99697875976563,0.9854246377944946,-0.16062767803668977,0.056011080741882327,-3.725290742551124e-9,0.3292577564716339,0.9442400336265564,-0.1701131910085678,-0.9304773807525635,0.32445862889289858],"time":0.3995218276977539},{"VVelocity":[-3.3863401412963869,-1.928576946258545,-19.616247177124025],"AAnimation":{"Name":"Idle","Weight":0},"CCFrame":[-1608.5355224609376,4413.7138671875,213.19793701171876,0.9854247570037842,-7.884061403728993e-9,0.17011204361915589,-9.795719790872682e-10,1,5.202075215038349e-8,-0.17011204361915589,-5.142917203215802e-8,0.9854247570037842],"CCameraCFrame":[-1605.46923828125,4436.916015625,220.6722869873047,0.9854246377944946,-0.16062767803668977,0.056011080741882327,-3.725290742551124e-9,0.3292577564716339,0.9442400336265564,-0.1701131910085678,-0.9304773807525635,0.32445862889289858],"time":0.4173393249511719},{"VVelocity":[-3.398170232772827,-0.9711250066757202,-19.684776306152345],"AAnimation":{"Name":"Idle","Weight":0},"CCFrame":[-1608.5921630859376,4413.69580078125,212.87001037597657,0.9854247570037842,-7.884064956442672e-9,0.17011204361915589,-9.795686484181943e-10,1,5.202075215038349e-8,-0.17011204361915589,-5.142917203215802e-8,0.9854247570037842],"CCameraCFrame":[-1605.5257568359376,4436.88134765625,220.34559631347657,0.9854246377944946,-0.16062767803668977,0.056011080741882327,-3.725290742551124e-9,0.3292577564716339,0.9442400336265564,-0.1701131910085678,-0.9304773807525635,0.32445862889289858],"time":0.43369126319885256},{"VVelocity":[-3.398404121398926,-0.9521956443786621,-19.686132431030275],"AAnimation":{"Name":"Idle","Weight":0},"CCFrame":[-1608.6488037109376,4413.68017578125,212.54190063476563,0.9854247570037842,-7.88406850915635e-9,0.17011204361915589,-9.795648736599106e-10,1,5.202074859766981e-8,-0.17011204361915589,-5.142916847944434e-8,0.9854247570037842],"CCameraCFrame":[-1605.5823974609376,4436.86328125,220.01766967773438,0.9854246377944946,-0.16062767803668977,0.056011080741882327,-3.725290742551124e-9,0.3292577564716339,0.9442400336265564,-0.1701131910085678,-0.9304773807525635,0.32445862889289858],"time":0.45052099227905276},{"VVelocity":[-3.4021875858306886,0.1608637571334839,-19.70804786682129],"AAnimation":{"Name":"Idle","Weight":0},"CCFrame":[-1608.7054443359376,4413.6787109375,212.21348571777345,0.9854247570037842,-7.884071173691609e-9,0.17011204361915589,-9.795607658347195e-10,1,5.202074149224245e-8,-0.17011204361915589,-5.1429161374016988e-8,0.9854247570037842],"CCameraCFrame":[-1605.6390380859376,4436.84765625,219.68955993652345,0.9854246377944946,-0.16062767803668977,0.056011080741882327,-3.725290742551124e-9,0.3292577564716339,0.9442400336265564,-0.1701131910085678,-0.9304773807525635,0.32445862889289858],"time":0.46888208389282229},{"VVelocity":[-3.4016337394714357,0.36305829882621767,-19.7048397064209],"AAnimation":{"Name":"Idle","Weight":0},"CCFrame":[-1608.7620849609376,4413.68408203125,211.8850555419922,0.9854247570037842,-7.884073838226869e-9,0.17011204361915589,-9.795568800541333e-10,1,5.202073438681509e-8,-0.17011204361915589,-5.142915426858963e-8,0.9854247570037842],"CCameraCFrame":[-1605.6956787109376,4436.84619140625,219.36114501953126,0.9854246377944946,-0.16062767803668977,0.056011080741882327,-3.725290742551124e-9,0.3292577564716339,0.9442400336265564,-0.1701131910085678,-0.9304773807525635,0.32445862889289858],"time":0.48505592346191409},{"VVelocity":[-3.3997080326080324,0.5601047873497009,-19.693687438964845],"AAnimation":{"Name":"Idle","Weight":0},"CCFrame":[-1608.8328857421876,4413.69384765625,211.4747314453125,0.9854247570037842,-7.884077390940547e-9,0.17011204361915589,-9.795522171174298e-10,1,5.2020727281387738e-8,-0.17011204361915589,-5.142914361044859e-8,0.9854247570037842],"CCameraCFrame":[-1605.7523193359376,4436.8515625,219.03271484375,0.9854246377944946,-0.16062767803668977,0.056011080741882327,-3.725290742551124e-9,0.3292577564716339,0.9442400336265564,-0.1701131910085678,-0.9304773807525635,0.32445862889289858],"time":0.5028102397918701},{"VVelocity":[-3.3965418338775636,0.8113014101982117,-19.675344467163087],"AAnimation":{"Name":"Idle","Weight":0},"CCFrame":[-1608.8895263671876,4413.70556640625,211.1467742919922,0.9854247570037842,-7.884079167297387e-9,0.17011204361915589,-9.79548442359146e-10,1,5.202072017596038e-8,-0.17011204361915589,-5.1429136505021236e-8,0.9854247570037842],"CCameraCFrame":[-1605.8231201171876,4436.861328125,218.6223907470703,0.9854246377944946,-0.16062767803668977,0.056011080741882327,-3.725290742551124e-9,0.3292577564716339,0.9442400336265564,-0.1701131910085678,-0.9304773807525635,0.32445862889289858],"time":0.5186688899993897},{"VVelocity":[-3.392218589782715,1.0129296779632569,-19.650300979614259],"AAnimation":{"Name":"Idle","Weight":0},"CCFrame":[-1608.9320068359376,4413.7177734375,210.90110778808595,0.9854247570037842,-7.884081831832646e-9,0.17011204361915589,-9.795459998684919e-10,1,5.202072017596038e-8,-0.17011204361915589,-5.1429136505021236e-8,0.9854247570037842],"CCameraCFrame":[-1605.8797607421876,4436.873046875,218.29443359375,0.9854246377944946,-0.16062767803668977,0.056011080741882327,-3.725290742551124e-9,0.3292577564716339,0.9442400336265564,-0.1701131910085678,-0.9304773807525635,0.32445862889289858],"time":0.5356037616729736},{"VVelocity":[-3.3919785022735597,1.3180019855499268,-19.648910522460939],"AAnimation":{"Name":"Idle","Weight":0},"CCFrame":[-1609.0169677734376,4413.748046875,210.40989685058595,0.9854247570037842,-7.884086272724744e-9,0.17011204361915589,-9.795403377310664e-10,1,5.20207166232467e-8,-0.17011204361915589,-5.1429129399593879e-8,0.9854247570037842],"CCameraCFrame":[-1605.9222412109376,4436.88525390625,218.04876708984376,0.9854246377944946,-0.16062767803668977,0.056011080741882327,-3.725290742551124e-9,0.3292577564716339,0.9442400336265564,-0.1701131910085678,-0.9304773807525635,0.32445862889289858],"time":0.5585107803344727},{"VVelocity":[-3.3870131969451906,1.559088945388794,-19.620147705078126],"AAnimation":{"Name":"Idle","Weight":0},"CCFrame":[-1609.0452880859376,4413.76025390625,210.24635314941407,0.9854247570037842,-7.884088049081584e-9,0.17011204361915589,-9.795386723965294e-10,1,5.202071307053302e-8,-0.17011204361915589,-5.14291258468802e-8,0.9854247570037842],"CCameraCFrame":[-1606.0072021484376,4436.91552734375,217.55755615234376,0.9854246377944946,-0.16062767803668977,0.056011080741882327,-3.725290742551124e-9,0.3292577564716339,0.9442400336265564,-0.1701131910085678,-0.9304773807525635,0.32445862889289858],"time":0.5663988590240479},{"VVelocity":[-3.386216640472412,1.7730975151062012,-19.61553382873535],"AAnimation":{"Name":"Idle","Weight":0},"CCFrame":[-1609.1019287109376,4413.78857421875,209.91941833496095,0.9854247570037842,-7.884090713616843e-9,0.17011204361915589,-9.795347866159432e-10,1,5.202070596510566e-8,-0.17011204361915589,-5.142911874145284e-8,0.9854247570037842],"CCameraCFrame":[-1606.0355224609376,4436.927734375,217.39401245117188,0.9854246377944946,-0.16062767803668977,0.056011080741882327,-3.725290742551124e-9,0.3292577564716339,0.9442400336265564,-0.1701131910085678,-0.9304773807525635,0.32445862889289858],"time":0.5833990573883057},{"VVelocity":[-3.3862009048461916,1.8527605533599854,-19.615442276000978],"AAnimation":{"Name":"Idle","Weight":0},"CCFrame":[-1609.1585693359376,4413.8193359375,209.59251403808595,0.9854247570037842,-7.884093378152102e-9,0.17011204361915589,-9.795310118576595e-10,1,5.2020698859678308e-8,-0.17011204361915589,-5.142911163602548e-8,0.9854247570037842],"CCameraCFrame":[-1606.0921630859376,4436.9560546875,217.06707763671876,0.9854246377944946,-0.16062767803668977,0.056011080741882327,-3.725290742551124e-9,0.3292577564716339,0.9442400336265564,-0.1701131910085678,-0.9304773807525635,0.32445862889289858],"time":0.5998752117156982},{"VVelocity":[-3.3862006664276125,1.8849290609359742,-19.615440368652345],"AAnimation":{"Name":"Idle","Weight":0},"CCFrame":[-1609.2152099609376,4413.8505859375,209.26560974121095,0.9854247570037842,-7.884095154508941e-9,0.17011204361915589,-9.795271260770733e-10,1,5.202069175425095e-8,-0.17011204361915589,-5.1429104530598127e-8,0.9854247570037842],"CCameraCFrame":[-1606.1488037109376,4436.98681640625,216.74017333984376,0.9854246377944946,-0.16062767803668977,0.056011080741882327,-3.725290742551124e-9,0.3292577564716339,0.9442400336265564,-0.1701131910085678,-0.9304773807525635,0.32445862889289858],"time":0.6167573928833008},{"VVelocity":[-3.3862006664276125,1.924209475517273,-19.615440368652345],"AAnimation":{"Name":"Idle","Weight":0},"CCFrame":[-1609.2718505859376,4413.8818359375,208.93870544433595,0.9854247570037842,-7.8840978190442e-9,0.17011204361915589,-9.795240174526044e-10,1,5.202068820153727e-8,-0.17011204361915589,-5.1429100977884448e-8,0.9854247570037842],"CCameraCFrame":[-1606.2054443359376,4437.01806640625,216.41326904296876,0.9854246377944946,-0.16062767803668977,0.056011080741882327,-3.725290742551124e-9,0.3292577564716339,0.9442400336265564,-0.1701131910085678,-0.9304773807525635,0.32445862889289858],"time":0.632941722869873},{"VVelocity":[-3.391848564147949,1.8198037147521973,-19.648157119750978],"AAnimation":{"Name":"Idle","Weight":0},"CCFrame":[-1609.3284912109376,4413.9130859375,208.61131286621095,0.9854247570037842,-7.884101371757879e-9,0.17011204361915589,-9.795206867835305e-10,1,5.202068820153727e-8,-0.17011204361915589,-5.1429100977884448e-8,0.9854247570037842],"CCameraCFrame":[-1606.2620849609376,4437.04931640625,216.08636474609376,0.9854246377944946,-0.16062767803668977,0.056011080741882327,-3.725290742551124e-9,0.3292577564716339,0.9442400336265564,-0.1701131910085678,-0.9304773807525635,0.32445862889289858],"time":0.6492857933044434},{"VVelocity":[-3.396375894546509,1.5991740226745606,-19.674381256103517],"AAnimation":{"Name":"Idle","Weight":0},"CCFrame":[-1609.3851318359376,4413.94140625,208.28346252441407,0.9854247570037842,-7.884104036293138e-9,0.17011204361915589,-9.795168010029443e-10,1,5.202068464882359e-8,-0.17011204361915589,-5.142909387245709e-8,0.9854247570037842],"CCameraCFrame":[-1606.3187255859376,4437.08056640625,215.75897216796876,0.9854246377944946,-0.16062767803668977,0.056011080741882327,-3.725290742551124e-9,0.3292577564716339,0.9442400336265564,-0.1701131910085678,-0.9304773807525635,0.32445862889289858],"time":0.6662824153900147},{"VVelocity":[-3.3920657634735109,1.3631799221038819,-19.6494140625],"AAnimation":{"Name":"Idle","Weight":0},"CCFrame":[-1609.4417724609376,4413.96484375,207.95591735839845,0.9854247570037842,-7.884106700828397e-9,0.17011204361915589,-9.79512915222358e-10,1,5.202067754339623e-8,-0.17011204361915589,-5.142908676702973e-8,0.9854247570037842],"CCameraCFrame":[-1606.3753662109376,4437.10888671875,215.43112182617188,0.9854246377944946,-0.16062767803668977,0.056011080741882327,-3.725290742551124e-9,0.3292577564716339,0.9442400336265564,-0.1701131910085678,-0.9304773807525635,0.32445862889289858],"time":0.6845836639404297},{"VVelocity":[-3.391979455947876,1.154506802558899,-19.648914337158204],"AAnimation":{"Name":"Idle","Weight":0},"CCFrame":[-1609.5125732421876,4413.9892578125,207.5465850830078,0.9854247570037842,-7.884110253542076e-9,0.17011204361915589,-9.79508363307957e-10,1,5.2020666885255198e-8,-0.17011204361915589,-5.142907966160237e-8,0.9854247570037842],"CCameraCFrame":[-1606.4320068359376,4437.13232421875,215.10357666015626,0.9854246377944946,-0.16062767803668977,0.056011080741882327,-3.725290742551124e-9,0.3292577564716339,0.9442400336265564,-0.1701131910085678,-0.9304773807525635,0.32445862889289858],"time":0.7015464305877686},{"VVelocity":[-3.3979177474975588,1.232788324356079,-19.68331527709961],"AAnimation":{"Name":"Idle","Weight":0},"CCFrame":[-1609.5550537109376,4414.0048828125,207.30059814453126,0.9854247570037842,-7.884112029898916e-9,0.17011204361915589,-9.795052546834882e-10,1,5.202066333254152e-8,-0.17011204361915589,-5.1429072556175018e-8,0.9854247570037842],"CCameraCFrame":[-1606.5028076171876,4437.15673828125,214.69424438476563,0.9854246377944946,-0.16062767803668977,0.056011080741882327,-3.725290742551124e-9,0.3292577564716339,0.9442400336265564,-0.1701131910085678,-0.9304773807525635,0.32445862889289858],"time":0.7170236110687256},{"VVelocity":[-3.402177572250366,0.370053231716156,-19.707990646362306],"AAnimation":{"Name":"Idle","Weight":0},"CCFrame":[-1609.6116943359376,4414.01416015625,206.97218322753907,0.9854247570037842,-7.884114694434175e-9,0.17011204361915589,-9.795021460590192e-10,1,5.202065622711416e-8,-0.17011204361915589,-5.142906545074766e-8,0.9854247570037842],"CCameraCFrame":[-1606.5452880859376,4437.17236328125,214.44825744628907,0.9854246377944946,-0.16062767803668977,0.056011080741882327,-3.725290742551124e-9,0.3292577564716339,0.9442400336265564,-0.1701131910085678,-0.9304773807525635,0.32445862889289858],"time":0.7327880859375},{"VVelocity":[-3.402261734008789,0.009945657104253769,-19.708478927612306],"AAnimation":{"Name":"Idle","Weight":0},"CCFrame":[-1609.6683349609376,4414.0146484375,206.64369201660157,0.9854247570037842,-7.884117358969434e-9,0.17011204361915589,-9.794989264122478e-10,1,5.202065622711416e-8,-0.17011204361915589,-5.142906545074766e-8,0.9854247570037842],"CCameraCFrame":[-1606.6019287109376,4437.181640625,214.11984252929688,0.9854246377944946,-0.16062767803668977,0.056011080741882327,-3.725290742551124e-9,0.3292577564716339,0.9442400336265564,-0.1701131910085678,-0.9304773807525635,0.32445862889289858],"time":0.7500202655792236},{"VVelocity":[-3.4022634029388429,0.0028244853019714357,-19.70848846435547],"AAnimation":{"Name":"Idle","Weight":0},"CCFrame":[-1609.7249755859376,4414.0146484375,206.31520080566407,0.9854247570037842,-7.884120911683113e-9,0.17011204361915589,-9.79495373698569e-10,1,5.202065622711416e-8,-0.17011204361915589,-5.142906545074766e-8,0.9854247570037842],"CCameraCFrame":[-1606.6585693359376,4437.18212890625,213.79135131835938,0.9854246377944946,-0.16062767803668977,0.056011080741882327,-3.725290742551124e-9,0.3292577564716339,0.9442400336265564,-0.1701131910085678,-0.9304773807525635,0.32445862889289858],"time":0.7663812637329102},{"VVelocity":[-3.4022634029388429,0.002683604136109352,-19.70848846435547],"AAnimation":{"Name":"Idle","Weight":0},"CCFrame":[-1609.7816162109376,4414.0146484375,205.98670959472657,0.9854247570037842,-7.884123576218372e-9,0.17011204361915589,-9.794915989402853e-10,1,5.20206491216868e-8,-0.17011204361915589,-5.14290583453203e-8,0.9854247570037842],"CCameraCFrame":[-1606.7152099609376,4437.18212890625,213.46286010742188,0.9854246377944946,-0.16062767803668977,0.056011080741882327,-3.725290742551124e-9,0.3292577564716339,0.9442400336265564,-0.1701131910085678,-0.9304773807525635,0.32445862889289858],"time":0.7834436893463135},{"VVelocity":[-3.4022634029388429,0.002680859062820673,-19.70848846435547],"AAnimation":{"Name":"Idle","Weight":0},"CCFrame":[-1609.8382568359376,4414.0146484375,205.65821838378907,0.9854247570037842,-7.88412624075363e-9,0.17011204361915589,-9.79487713159699e-10,1,5.2020642016259447e-8,-0.17011204361915589,-5.142905123989294e-8,0.9854247570037842],"CCameraCFrame":[-1606.7718505859376,4437.18212890625,213.13436889648438,0.9854246377944946,-0.16062767803668977,0.056011080741882327,-3.725290742551124e-9,0.3292577564716339,0.9442400336265564,-0.1701131910085678,-0.9304773807525635,0.32445862889289858],"time":0.7999682426452637},{"VVelocity":[-3.4022634029388429,0.002680778270587325,-19.70848846435547],"AAnimation":{"Name":"Idle","Weight":0},"CCFrame":[-1609.8948974609376,4414.0146484375,205.32972717285157,0.9854247570037842,-7.88412890528889e-9,0.17011204361915589,-9.794839384014154e-10,1,5.2020634910832089e-8,-0.17011204361915589,-5.1429044134465587e-8,0.9854247570037842],"CCameraCFrame":[-1606.8284912109376,4437.18212890625,212.80587768554688,0.9854246377944946,-0.16062767803668977,0.056011080741882327,-3.725290742551124e-9,0.3292577564716339,0.9442400336265564,-0.1701131910085678,-0.9304773807525635,0.32445862889289858],"time":0.8159534931182861},{"VVelocity":[-3.4022634029388429,0.002680778270587325,-19.70848846435547],"AAnimation":{"Name":"Idle","Weight":0},"CCFrame":[-1609.9515380859376,4414.0146484375,205.00123596191407,0.9854247570037842,-7.884131569824149e-9,0.17011204361915589,-9.794803856877366e-10,1,5.202062780540473e-8,-0.17011204361915589,-5.142903702903823e-8,0.9854247570037842],"CCameraCFrame":[-1606.8851318359376,4437.18212890625,212.47738647460938,0.9854246377944946,-0.16062767803668977,0.056011080741882327,-3.725290742551124e-9,0.3292577564716339,0.9442400336265564,-0.1701131910085678,-0.9304773807525635,0.32445862889289858],"time":0.8330597877502441},{"VVelocity":[-3.402268886566162,-3.2673192024230959,-19.70848846435547],"AAnimation":{"Name":"Idle","Weight":0},"CCFrame":[-1610.0081787109376,4413.98046875,204.67274475097657,0.9854246973991394,-7.884134234359408e-9,0.17011214792728425,-9.79483383289903e-10,1,5.202062780540473e-8,-0.17011214792728425,-5.142903347632455e-8,0.9854246973991394],"CCameraCFrame":[-1606.9417724609376,4437.18212890625,212.14889526367188,0.9854246377944946,-0.16062767803668977,0.056011080741882327,-3.725290742551124e-9,0.3292577564716339,0.9442400336265564,-0.1701131910085678,-0.9304773807525635,0.32445862889289858],"time":0.8505051136016846},{"VVelocity":[-3.4022693634033205,-6.537319660186768,-19.708486557006837],"AAnimation":{"Name":"Idle","Weight":0},"CCFrame":[-1610.0648193359376,4413.8916015625,204.34425354003907,0.9854246973991394,-7.88412890528889e-9,0.17011220753192902,-9.794904887172607e-10,1,5.202062780540473e-8,-0.17011220753192902,-5.142903347632455e-8,0.9854246973991394],"CCameraCFrame":[-1606.9984130859376,4437.14794921875,211.82040405273438,0.9854246377944946,-0.16062767803668977,0.056011080741882327,-3.725290742551124e-9,0.3292577564716339,0.9442400336265564,-0.1701131910085678,-0.9304773807525635,0.32445862889289858],"time":0.8666443824768066},{"VVelocity":[-3.457723379135132,-9.807320594787598,-19.69953155517578],"AAnimation":{"Name":"Idle","Weight":0},"CCFrame":[-1610.1221923828126,4413.748046875,204.01588439941407,0.9873008131980896,-8.190932376805904e-9,0.15886178612709046,-1.0415507345484798e-9,1,5.8033187144701517e-8,-0.15886178612709046,-5.746167630604759e-8,0.9873008131980896],"CCameraCFrame":[-1607.14501953125,4437.05908203125,211.5291748046875,0.9874846935272217,-0.14892110228538514,0.05192898213863373,-3.725290742551124e-9,0.3292577564716339,0.9442400336265564,-0.157715305685997,-0.9324225783348084,0.3251369297504425],"time":0.8885278701782227},{"VVelocity":[-3.2212743759155275,-13.077322006225586,-19.739608764648439],"AAnimation":{"Name":"Idle","Weight":0},"CCFrame":[-1610.1763916015626,4413.5498046875,203.6869659423828,0.989154577255249,-1.205797062198144e-8,0.14687834680080415,-9.36254074268561e-10,1,8.840017073907802e-8,-0.14687834680080415,-8.757894676136857e-8,0.989154577255249],"CCameraCFrame":[-1607.2930908203126,4436.91552734375,211.2369384765625,0.9893895387649536,-0.13718630373477937,0.047837067395448688,3.725290742551124e-9,0.32925793528556826,0.9442399740219116,-0.14528754353523255,-0.9342211484909058,0.3257642984390259],"time":0.900489330291748},{"VVelocity":[-2.9513683319091799,-16.347322463989259,-19.781286239624025],"AAnimation":{"Name":"Idle","Weight":0},"CCFrame":[-1610.22607421875,4413.29736328125,203.3573760986328,0.9902909994125366,-1.9416658503246255e-8,0.13900995254516602,-4.5003167858936879e-10,1,1.4288416139152106e-7,-0.13900995254516602,-1.4155945393667936e-7,0.9902909994125366],"CCameraCFrame":[-1607.40185546875,4436.71728515625,210.9291534423828,0.9904570579528809,-0.13013708591461183,0.04537898302078247,7.450580596923828e-9,0.32925787568092348,0.9442400336265564,-0.13782203197479249,-0.9352291822433472,0.32611575722694399],"time":0.9166982173919678},{"VVelocity":[-2.77534556388855,-19.61731719970703,-19.806514739990236],"AAnimation":{"Name":"Idle","Weight":0},"CCFrame":[-1610.272705078125,4412.99169921875,203.02732849121095,0.9907242059707642,-1.801856619465525e-8,0.13588793575763703,1.1994495674461093e-10,1,1.3172423507512577e-7,-0.13588793575763703,-1.3048608593635437e-7,0.9907242059707642],"CCameraCFrame":[-1607.4697265625,4436.46484375,210.6065216064453,0.990800142288208,-0.12778711318969727,0.04455961659550667,0,0.3292583227157593,0.9442399740219116,-0.13533329963684083,-0.9355530738830566,0.32622918486595156],"time":0.9356966018676758},{"VVelocity":[-2.7095718383789064,-22.887313842773439,-19.815601348876954],"AAnimation":{"Name":"Idle","Weight":0},"CCFrame":[-1610.3179931640626,4412.63134765625,202.6970977783203,0.9907832741737366,-1.7289547571408549e-8,0.1354568600654602,7.450201011671709e-10,1,1.2218940526054212e-7,-0.1354568600654602,-1.2096229795588443e-7,0.9907832741737366],"CCameraCFrame":[-1607.516357421875,4436.1591796875,210.27647399902345,0.990800142288208,-0.12778711318969727,0.04455961659550667,0,0.3292583227157593,0.9442399740219116,-0.13533329963684083,-0.9355530738830566,0.32622918486595156],"time":0.9494643211364746},{"VVelocity":[-2.7069296836853029,-26.157310485839845,-19.815963745117189],"AAnimation":{"Name":"Idle","Weight":0},"CCFrame":[-1610.3629150390626,4412.21630859375,202.36683654785157,0.990798830986023,-1.6627264898261275e-8,0.1353427916765213,1.3832014422732187e-9,1,1.1272701527786922e-7,-0.1353427916765213,-1.115025938247527e-7,0.990798830986023],"CCameraCFrame":[-1607.5616455078126,4435.798828125,209.9462432861328,0.990800142288208,-0.12778711318969727,0.04455961659550667,0,0.3292583227157593,0.9442399740219116,-0.13533329963684083,-0.9355530738830566,0.32622918486595156],"time":0.9668028354644775},{"VVelocity":[-2.7067224979400636,-29.42730712890625,-19.815994262695314],"AAnimation":{"Name":"Idle","Weight":0},"CCFrame":[-1610.4078369140626,4411.74658203125,202.0365753173828,0.9908006191253662,-1.5979660261677965e-8,0.13532964885234834,2.0222739038899819e-9,1,1.032736776096499e-7,-0.13532964885234834,-1.0204995248841442e-7,0.9908006191253662],"CCameraCFrame":[-1607.6065673828126,4435.3837890625,209.61598205566407,0.990800142288208,-0.12778711318969727,0.04455961659550667,0,0.3292583227157593,0.9442399740219116,-0.13533329963684083,-0.9355530738830566,0.32622918486595156],"time":0.9835090637207031},{"VVelocity":[-2.706700325012207,-32.697303771972659,-19.815996170043947],"AAnimation":{"Name":"Idle","Weight":0},"CCFrame":[-1610.4527587890626,4411.22216796875,201.70631408691407,0.9908008575439453,-1.5334093106389447e-8,0.13532809913158418,2.660944797838738e-9,1,9.38284472340456e-8,-0.13532809913158418,-9.260520528187044e-8,0.9908008575439453],"CCameraCFrame":[-1607.6514892578126,4434.9140625,209.2857208251953,0.990800142288208,-0.12778711318969727,0.04455961659550667,0,0.3292583227157593,0.9442399740219116,-0.13533329963684083,-0.9355530738830566,0.32622918486595156],"time":1.0001683235168458},{"VVelocity":[-2.706697702407837,-35.967308044433597,-19.815998077392579],"AAnimation":{"Name":"Idle","Weight":0},"CCFrame":[-1610.4976806640626,4410.64306640625,201.3760528564453,0.9908008575439453,-1.4689234717479849e-8,0.13532792031764985,3.299085449270933e-9,1,8.439128862391954e-8,-0.13532792031764985,-8.316850852452262e-8,0.9908008575439453],"CCameraCFrame":[-1607.6964111328126,4434.3896484375,208.95545959472657,0.990800142288208,-0.12778711318969727,0.04455961659550667,0,0.3292583227157593,0.9442399740219116,-0.13533329963684083,-0.9355530738830566,0.32622918486595156],"time":1.0162553787231446},{"VVelocity":[-2.706697463989258,-39.23731231689453,-19.815998077392579],"AAnimation":{"Name":"Idle","Weight":0},"CCFrame":[-1610.5426025390626,4410.00927734375,201.04579162597657,0.9908008575439453,-1.404494476275886e-8,0.13532790541648866,3.936679870975013e-9,1,7.496220888469907e-8,-0.13532790541648866,-7.373988353265304e-8,0.9908008575439453],"CCameraCFrame":[-1607.7413330078126,4433.810546875,208.6251983642578,0.990800142288208,-0.12778711318969727,0.04455961659550667,0,0.3292583227157593,0.9442399740219116,-0.13533329963684083,-0.9355530738830566,0.32622918486595156],"time":1.0332164764404297},{"VVelocity":[-2.706697463989258,-42.50731658935547,-19.815998077392579],"AAnimation":{"Name":"Idle","Weight":0},"CCFrame":[-1610.5875244140626,4409.32080078125,200.7155303955078,0.9908008575439453,-1.3401207255014924e-8,0.13532790541648866,4.573728062950977e-9,1,6.554120091095683e-8,-0.13532790541648866,-6.431932320083433e-8,0.9908008575439453],"CCameraCFrame":[-1607.7862548828126,4433.1767578125,208.29493713378907,0.99080014228